0.75 2.5353570117756545e-05
0.81063 7.227517860989347e-05
0.87125 0.00018647864700535634
0.93188 0.0004398253313966215
0.9925 0.000956084904268931
1.0531 0.0019308574755865521
1.1138 0.0036463667282040386
1.1744 0.006483014302496032
1.235 0.010883728507068447
1.2956 0.017369528608924746
1.3562 0.026457646599994472
1.4169 0.03862882897122047
1.4775 0.054128166774764605
1.5381 0.0731926234522648
1.5987 0.09563166471096389
1.6594 0.12123243092170358
1.72 0.1493431639690708
1.7806 0.17919533342108246
1.8413 0.21005219879308276
1.9019 0.24084077528299452
1.9625 0.2703906989036974
2.0231 0.29852007178767265
2.0838 0.32412049999584297
2.1444 0.3472567223097702
2.205 0.3678812344990908
2.2656 0.3866060587661751
2.3262 0.4048101971606838
2.3869 0.42429964494972106
2.4475 0.44792640478202433
2.5081 0.4780090259281724
2.5687 0.5163671460210448
2.6294 0.5622876435748206
2.69 0.6139519651849603
2.7506 0.6668857361742164
2.8112 0.7154228703216914
2.8719 0.7532579213595476
2.9325 0.776075613076778
2.9931 0.7802080861810479
3.0537 0.7648647923782533
3.1144 0.731497011280004
3.175 0.6835894831236327
3.2356 0.6243989521270465
3.2963 0.5582631238456814
3.3569 0.4898944790441809
3.4175 0.4221760018520606
3.4781 0.35804896626154903
3.5387 0.29929671401840136
3.5994 0.24698460098888045
3.66 0.20135540277531438
3.7206 0.1623172100472593
3.7812 0.12974164465160012
3.8419 0.10286403880541085
3.9025 0.08086005467229714
3.9631 0.06321412604761419
4.0237 0.0491300802043338
4.0844 0.037999366648609284
4.145 0.02927508646513374
4.2056 0.022466235069289492
4.2662 0.0171788838908306
4.3269 0.013107815514633282
4.3875 0.009984071616980023
4.4481 0.007590059998560289
4.5088 0.005763847380140586
4.5694 0.004371352529105685
4.63 0.003313155635662142
4.6906 0.0025119883111685538
4.7512 0.0019036605288641553
4.8119 0.0014432367643098913
4.8725 0.0010948105963243082
4.9331 0.0008310874912110386
4.9937 0.0006310916173131667
5.0544 0.0004795673704399453
5.115 0.00036528032962525683
5.1756 0.0002782962657235215
5.2363 0.00021245462912468076
5.2969 0.00016232606385702114
5.3575 0.00012423050444302267
5.4181 9.52737321681875e-05
5.4787 7.312995609472467e-05
5.5394 5.631029555781677e-05
5.6 4.339923276127277e-05
