0.5 5.456190481100143e-07
0.69688 6.990858443459061e-06
0.89375 5.384035082896835e-05
1.0906 0.0002836391649265049
1.2875 0.0011132079517211558
1.4844 0.0034656513207304233
1.6812 0.008946102762739744
1.8781 0.019800957577028228
2.075 0.038633695040654434
2.2719 0.0680779027557258
2.4688 0.11079404327457379
2.6656 0.16871452317704738
2.8625 0.2397029127512278
3.0594 0.3151517187396569
3.2563 0.3814735445159066
3.4531 0.4259692364554752
3.65 0.44232142466610835
3.8469 0.4318001157130128
4.0437 0.3998864188541482
4.2406 0.3554758347308716
4.4375 0.305953949300433
4.6344 0.25687598482894886
4.8312 0.21155816213915993
5.0281 0.1721085286219136
5.225 0.1386003953154815
5.4219 0.1110876202995071
5.6187 0.08864769930305014
5.8156 0.07074551299506371
6.0125 0.05643763339566876
6.2094 0.045199231172500846
6.4062 0.03624450134115426
6.6031 0.02920383681051869
6.8 0.023640307402697708
6.9969 0.019226882061096053
7.1937 0.01567418608368602
7.3906 0.012880268974477992
7.5875 0.010629955627073726
7.7844 0.008842353447740807
7.9813 0.007374003086520408
8.1781 0.0061806835560920355
8.375 0.0052171132747416546
8.5719 0.004424922414559113
8.7687 0.0037620508773694218
8.9656 0.0032213170161292217
9.1625 0.0027721184192754703
9.3594 0.0023895967950451928
9.5563 0.0020743967527669972
9.7531 0.0018085812710515992
9.95 0.0015798063603308006
10.147 0.0013862089576081147
10.344 0.0012210600264210903
10.541 0.001080034075241379
10.737 0.0009596659545303301
10.934 0.0008535828063961948
11.131 0.000762462899856461
11.328 0.000683811962007363
11.525 0.0006153471102229858
11.722 0.0005547512255704211
11.919 0.0005007683490501057
12.116 0.00045367705027994133
12.312 0.00041253995400241094
12.509 0.00037553187101623794
12.706 0.0003431031534478668
12.903 0.0003146200996841236
13.1 0.0002880279589072162
13.297 0.00026536819680980905
13.494 0.0002446762271916025
13.691 0.00022577520789087221
13.887 0.0002085536628458223
14.084 0.00019329694008811483
14.281 0.00017980396222925
14.478 0.00016726195142472683
14.675 0.00015589310704550044
14.872 0.00014531620180980253
15.069 0.00013588284327055583
15.266 0.00012719242366411622
15.463 0.00011943712209162113
15.659 0.00011216749743712336
15.856 0.0001055036522972508
16.053 9.924953899212528e-05
16.25 9.369122738370275e-05
