0.0 6.778336069254082e-20
0.031875 5.3343983399248177e-17
0.06375 8.554032743621904e-15
0.095625 5.524249958381597e-13
0.1275 1.8759872197520144e-11
0.15937 3.9008090411570754e-10
0.19125 5.501283630473449e-09
0.22313 5.62610188122385e-08
0.255 4.3980045237993203e-07
0.28687 2.7260741591345304e-06
0.31875 1.3868684098273972e-05
0.35063 5.928349225950375e-05
0.3825 0.00021729035409130294
0.41437 0.000695170692086967
0.44625 0.0019686237804526032
0.47813 0.004994705180986751
0.51 0.011485840418469149
0.54187 0.024155465351809183
0.57375 0.0468170285769782
0.60562 0.08417510672797619
0.6375 0.1415715851056056
0.66938 0.22366986995340218
0.70125 0.3337063435910019
0.73313 0.47259795824991835
0.765 0.6373755633700627
0.79688 0.8219041727058314
0.82875 1.0167940025673101
0.86062 1.2102074528830133
0.8925 1.3928266064653387
0.92438 1.5480982305905815
0.95625 1.671287602407499
0.98813 1.7554059755462603
1.02 1.796757805539583
1.0519 1.792925086355805
1.0837 1.7518037818884555
1.1156 1.677588473558274
1.1475 1.5756112325525247
1.1794 1.4551613563913202
1.2112 1.3217545084131321
1.2431 1.1856542392204268
1.275 1.0488067025922803
1.3069 0.9166060763378437
1.3388 0.7938569751625455
1.3706 0.6805953557170767
1.4025 0.5795541559632924
1.4344 0.4908565240006475
1.4663 0.4133490834861705
1.4981 0.3468810206024357
1.53 0.290849698315209
1.5619 0.24382584624520579
1.5938 0.2046694500383696
1.6256 0.1727018845185238
1.6575 0.1467789731972751
1.6894 0.12609941164388416
1.7212 0.11013991075401375
1.7531 0.09821051277942737
1.785 0.08990126832461562
1.8169 0.0843438874588463
1.8488 0.08050505789646054
1.8806 0.07728513182428072
1.9125 0.07347693973360248
1.9444 0.06836496941456144
1.9763 0.06148271969810409
2.0081 0.05319945301249943
2.04 0.044108011863532165
2.0719 0.03500997520577433
2.1038 0.026592163842610497
2.1356 0.019389141542444876
2.1675 0.013556101217090102
2.1994 0.009147361116936955
2.2313 0.005952663759896934
2.2631 0.003752126249173072
2.295 0.002294811408424362
2.3269 0.0013647222298850115
2.3588 0.0007910750692984533
2.3906 0.0004486460405994867
2.4225 0.00024907587822014225
2.4544 0.00013576183714672643
2.4863 7.277678420857364e-05
2.5181 3.83981929931719e-05
2.55 1.9976960943591528e-05
