0.4 8.885218859216478e-07
0.41913 2.5388269658701748e-06
0.43825 6.824714810377396e-06
0.45738 1.7391434858065105e-05
0.4765 4.271918283252175e-05
0.49562 9.881223887026661e-05
0.51475 0.00022043711662004603
0.53387 0.0004730499584681561
0.553 0.0009659332553052765
0.57212 0.001890955259524469
0.59125 0.0036133783682922023
0.61038 0.006544497401172779
0.6295 0.011517695536594182
0.64863 0.01958176570513825
0.66775 0.03235320685713673
0.68687 0.05160599787688067
0.706 0.0797636382688354
0.72513 0.11942973461339274
0.74425 0.17419749207730792
0.76337 0.2459390870559537
0.7825 0.3392052365648632
0.80162 0.45762905678496846
0.82075 0.5989841153116972
0.83987 0.7632936414264975
0.859 0.9527605396496667
0.87812 1.1604699194924182
0.89725 1.382626253098654
0.91637 1.6098277367915481
0.9355 1.8366015645610954
0.95462 2.065400608663222
0.97375 2.252550197990194
0.99287 2.4438518087584398
1.012 2.5561014223035126
1.0311 2.657452862967909
1.0502 2.697926397405907
1.0694 2.709867548586991
1.0885 2.658202124038898
1.1076 2.589408799652825
1.1267 2.4521473689808677
1.1459 2.300212914729284
1.165 2.1285129118170394
1.1841 1.9305352893091194
1.2032 1.7418720875281926
1.2224 1.5405051973843513
1.2415 1.3538844537027352
1.2606 1.1593298046352516
1.2797 0.995024997090993
1.2989 0.8370671136835841
1.318 0.6931372840487455
1.3371 0.5713880048038568
1.3562 0.4647634288997735
1.3754 0.37284177526186674
1.3945 0.2974805203558184
1.4136 0.23269621655150075
1.4327 0.18261548693853702
1.4519 0.14000592527496059
1.471 0.10754840270244136
1.4901 0.08136643166891004
1.5092 0.060994503838142755
1.5284 0.04522553618872153
1.5475 0.033461063668645236
1.5666 0.02444113018820185
1.5857 0.017821725111577768
1.6049 0.012841960147353157
1.624 0.009207533290876733
1.6431 0.0065254963695116665
1.6622 0.004621058948484289
1.6814 0.0032403432706084078
1.7005 0.002255239392972317
1.7196 0.0015671343158502292
1.7387 0.0010808250711013918
1.7579 0.0007403658369354656
1.777 0.0005041903727235058
1.7961 0.0003436761825554702
1.8152 0.0002325926818842834
1.8344 0.00015664394168115624
1.8535 0.0001047140824520652
1.8726 6.99333827092112e-05
1.8917 4.671459086786573e-05
1.9109 3.0722168776430516e-05
1.93 2.036277034976287e-05
