0.0 8.039479245679635e-09
0.090625 1.1652345639426564e-06
0.18125 2.619557058127748e-05
0.27187 0.0002461971420805
0.3625 0.0013461473345650224
0.45312 0.00505712714568985
0.54375 0.014410690437346513
0.63438 0.03332752918956231
0.725 0.06514799948211909
0.81562 0.1115884071817943
0.90625 0.17146645084505027
0.99687 0.2411905555466236
1.0875 0.3146353551850666
1.1781 0.38594046910999674
1.2688 0.4487959042368912
1.3594 0.49935686530769197
1.45 0.5348655010774861
1.5406 0.5552403469841368
1.6312 0.5603776774337947
1.7219 0.553132192289841
1.8125 0.5350114857933248
1.9031 0.5097101730166854
1.9937 0.4793816828715127
2.0844 0.44686745904971437
2.175 0.4133609879362255
2.2656 0.3821602948463243
2.3562 0.3538207799782593
2.4469 0.3291855982822553
2.5375 0.3082235816717684
2.6281 0.2900281345800849
2.7188 0.2738083922289217
2.8094 0.2578338939877983
2.9 0.24147109491650526
2.9906 0.22392520977235478
3.0812 0.20527406403202778
3.1719 0.1857780193614765
3.2625 0.16585300926288654
3.3531 0.1462755979811838
3.4438 0.12740749300453222
3.5344 0.10970870177165137
3.625 0.0935803732010913
3.7156 0.07915500950732506
3.8062 0.06644010549695456
3.8969 0.05540450729340502
3.9875 0.04598452318057794
4.0781 0.03799945430096157
4.1688 0.03128932544988568
4.2594 0.0256968781995874
4.35 0.02106999352355115
4.4406 0.017246098584384723
4.5312 0.014106893852590995
4.6219 0.01154288264664689
4.7125 0.009445537997820977
4.8031 0.007734070267988348
4.8937 0.006341100133727093
4.9844 0.0052013349480436715
5.075 0.004275477345191471
5.1656 0.0035188777432661232
5.2562 0.00290061338188926
5.3469 0.0023976619033049575
5.4375 0.0019847897088391972
5.5281 0.0016476864862226912
5.6187 0.0013700085802225463
5.7094 0.001141898409184
5.8 0.000954288809609934
5.8906 0.0007987513316777433
5.9813 0.0006714993451189588
6.0719 0.0005645852090937801
6.1625 0.0004769772478337213
6.2531 0.00040363164837003404
6.3438 0.0003421943279830022
6.4344 0.0002910746870361497
6.525 0.00024802591625826644
6.6156 0.00021190358454988836
6.7062 0.00018175165931962994
6.7969 0.0001560969556798233
6.8875 0.00013437578362098622
6.9781 0.00011597071461465611
7.0687 0.0001002824849904783
7.1594 8.69360400004057e-05
7.25 7.561288296789389e-05
