1.6 4.283746769250789e-06
1.6313 7.948344487797362e-06
1.6625 1.4420946895546775e-05
1.6938 2.5614409265010217e-05
1.725 4.456055004811404e-05
1.7563 7.61213248920153e-05
1.7875 0.00012747534822488696
1.8188 0.00020989488516509388
1.85 0.00033939823172404065
1.8813 0.0005400260055692789
1.9125 0.0008467394896305605
1.9438 0.001307551495825586
1.975 0.00199029458081643
2.0063 0.002993809811234773
2.0375 0.004443485826881385
2.0688 0.006528335732006668
2.1 0.00949961662638727
2.1313 0.01369726034147221
2.1625 0.01960661095999526
2.1938 0.02787627718475858
2.225 0.03949368128387849
2.2563 0.05568422842312301
2.2875 0.0781791228714506
2.3188 0.10920454783853084
2.35 0.15148973663850157
2.3812 0.20824594015959044
2.4125 0.2824162229245906
2.4437 0.37699604085745825
2.475 0.49323387689988657
2.5062 0.63193270086969
2.5375 0.7901151753906596
2.5687 0.9633663925566579
2.6 1.1448854198153784
2.6312 1.3234168194898241
2.6625 1.4917265717288435
2.6937 1.6358900734268713
2.725 1.7506769770676038
2.7562 1.8261199325059623
2.7875 1.8619121437299522
2.8187 1.8533437085930535
2.85 1.805247818047725
2.8812 1.7219679697263395
2.9125 1.609815057997038
2.9437 1.4771958709870372
2.975 1.3301422216538672
3.0062 1.178798306441556
3.0375 1.0269477842491193
3.0687 0.8818519384544768
3.1 0.7464261403073769
3.1312 0.6231910364110571
3.1625 0.5136154987114366
3.1937 0.41852285359865826
3.225 0.337163289758025
3.2562 0.2686124510623301
3.2875 0.21201826468564972
3.3187 0.165817551781006
3.35 0.128560099777335
3.3812 0.09881066127536055
3.4125 0.07539074451503604
3.4437 0.057157344654387515
3.475 0.0430266015457398
3.5062 0.03219791631028525
3.5375 0.023943029258600156
3.5687 0.017721988923077976
3.6 0.013048100538991032
3.6312 0.009568385274625078
3.6625 0.006988852987403619
3.6937 0.005080486452837919
3.725 0.0036806058151251735
3.7562 0.002659506922794871
3.7875 0.0019157688276615567
3.8187 0.0013763433270652659
3.85 0.0009857631560628477
3.8812 0.0007051997518067775
3.9125 0.0005031441407217301
3.9437 0.00035857103253334214
3.975 0.0002549986355816384
4.0062 0.00018101907484953608
4.0375 0.00012851326808603237
4.0687 9.107677117733517e-05
4.1 6.445856752030209e-05
