0.0 2.932424615466107e-12
0.061625 1.7456898387740633e-10
0.12325 3.3977032759920445e-09
0.18488 3.687607253557682e-08
0.2465 2.702380245118646e-07
0.30812 1.4777482293939368e-06
0.36975 6.4472140063850096e-06
0.43138 2.3428932947879734e-05
0.493 7.319212586597059e-05
0.55463 0.0002012268507373967
0.61625 0.0004962338509747716
0.67788 0.0011140965088004943
0.7395 0.0023033046755618065
0.80112 0.004428352123155454
0.86275 0.007982875714265678
0.92437 0.013613944374819636
0.986 0.022016010815454262
1.0476 0.03404521821061976
1.1093 0.050463627902916953
1.1709 0.07206785868203568
1.2325 0.09945331516883889
1.2941 0.1329483892102293
1.3558 0.17289559780247005
1.4174 0.21890484578013789
1.479 0.2707827103159702
1.5406 0.3279765475080527
1.6022 0.389232434106754
1.6639 0.45402840687735374
1.7255 0.5216570444256811
1.7871 0.5909793544250254
1.8487 0.660874587108084
1.9104 0.729920185612304
1.972 0.7954971646980671
2.0336 0.8537454771335576
2.0953 0.8987303895838107
2.1569 0.9270245101873485
2.2185 0.9332224377155154
2.2801 0.9161114517957514
2.3417 0.8761336695932407
2.4034 0.8164565499447265
2.465 0.7420376981733385
2.5266 0.6586599477794646
2.5882 0.5717095372636315
2.6499 0.4866967559427217
2.7115 0.4065908654391259
2.7731 0.3342855371142426
2.8348 0.27084069655668114
2.8964 0.21650962268562796
2.958 0.1710736860035829
3.0196 0.13408141498986834
3.0812 0.10414602877777536
3.1429 0.0803092113723056
3.2045 0.0615757142428634
3.2661 0.04697762313542113
3.3277 0.03571454502930393
3.3894 0.027053932844446654
3.451 0.02045911990861767
3.5126 0.015442312751871853
3.5743 0.011651641102058003
3.6359 0.008777891533564269
3.6975 0.006618204700999251
3.7591 0.004990527110487139
3.8207 0.0037673786767843413
3.8824 0.002847687520075366
3.944 0.0021544315322694894
4.0056 0.0016330356956526621
4.0672 0.001241323804845278
4.1289 0.0009456957441120496
4.1905 0.0007212607583302665
4.2521 0.0005517554946473799
4.3137 0.00042357016400885837
4.3754 0.00032581043940234676
4.437 0.00025143041087209847
4.4986 0.00019446399220433882
4.5602 0.00015095571497724178
4.6219 0.00011751604940697762
4.6835 9.173089844253035e-05
4.7451 7.187205395128252e-05
4.8068 5.6453192972172126e-05
4.8684 4.4506734047035514e-05
4.93 3.518893805731302e-05
