0.0 7.700940771989823e-08
0.0375 9.085263023266938e-07
0.075 5.629059294149741e-06
0.1125 2.4585299951735568e-05
0.15 8.440867781730926e-05
0.1875 0.00024205851845632889
0.225 0.00060254708564076
0.2625 0.001338277932787055
0.3 0.002701006459896749
0.3375 0.005028296581690195
0.375 0.008740861268887054
0.4125 0.014292836751929326
0.45 0.022179274171041086
0.4875 0.03286546541482712
0.525 0.04675548039601934
0.5625 0.06411037157994894
0.6 0.0850543957761295
0.6375 0.10963051814983385
0.675 0.13764605635639843
0.7125 0.16857343661522994
0.75 0.20218264002504954
0.7875 0.23777216533141693
0.825 0.27469530755726296
0.8625 0.3123013573005998
0.9 0.3502206071325017
0.9375 0.38736037404974377
0.975 0.42388927667151294
1.0125 0.45901431986247393
1.05 0.4927290633906481
1.0875 0.5252976390429117
1.125 0.5556515103566468
1.1625 0.5849704455623775
1.2 0.6141302936533163
1.2375 0.6429682915342851
1.275 0.6725101592228717
1.3125 0.7036310060282372
1.35 0.7379016380801562
1.3875 0.7748010480346276
1.425 0.8162080748619784
1.4625 0.8605719407075955
1.5 0.9057640147134811
1.5375 0.9496432049378762
1.575 0.987812167986468
1.6125 1.016113938759081
1.65 1.0320057572557289
1.6875 1.0311840874967206
1.725 1.0138391365594464
1.7625 0.9794763995181117
1.8 0.9306460674116765
1.8375 0.8679847281714618
1.875 0.7967883109896394
1.9125 0.7201116382275167
1.95 0.6416446504455195
1.9875 0.5636416401900688
2.025 0.4891493185751243
2.0625 0.4197918789480423
2.1 0.35651714889893027
2.1375 0.2999235642328895
2.175 0.25025994990562883
2.2125 0.20727533854032484
2.25 0.17041951377105552
2.2875 0.13939548200999952
2.325 0.11351631481399127
2.3625 0.09194122682748972
2.4 0.07419228128154096
2.4375 0.05964751545421674
2.475 0.04786023763582226
2.5125 0.03832083740970928
2.55 0.030640387201608988
2.5875 0.024434021170299712
2.625 0.01949320095612891
2.6625 0.015531793065628003
2.7 0.012365780984082324
2.7375 0.009847389749213004
2.775 0.00784410339187508
2.8125 0.006249797147090666
2.85 0.004984828982790228
2.8875 0.00397673379570613
2.925 0.003175876317517149
2.9625 0.002539092243708117
3.0 0.0020336606557555216
