0.23 4.033099959845119e-09
0.2435 1.8164519989795238e-08
0.257 7.391665291990079e-08
0.2705 2.8174889954727934e-07
0.284 9.84011409696312e-07
0.2975 3.169888342503532e-06
0.311 9.65558823911304e-06
0.3245 2.7247571193462603e-05
0.338 7.266591412877183e-05
0.3515 0.00018265946423624244
0.365 0.0004344943490076133
0.3785 0.0009690784060208524
0.392 0.0020807592468152845
0.4055 0.00424593512213506
0.419 0.008261737390245525
0.4325 0.01528606663620913
0.446 0.02728828947629847
0.4595 0.04692084218500307
0.473 0.0770423891159843
0.4865 0.12317960642521548
0.5 0.1888675441053445
0.5135 0.2803258641132765
0.527 0.40134456877731145
0.5405 0.5590920817188214
0.554 0.7492023837954652
0.5675 0.9925793644786374
0.581 1.2631349491848747
0.5945 1.5701686224228435
0.608 1.8985551277112729
0.6215 2.254883117416537
0.635 2.5887270403050997
0.6485 2.939796121742966
0.662 3.250686470456612
0.6755 3.4966291166395798
0.689 3.7054738222504944
0.7025 3.8605105114204457
0.716 3.934949765939274
0.7295 3.933329972622643
0.743 3.874507060261162
0.7565 3.7306527117098285
0.77 3.559795537778862
0.7835 3.3337772657977887
0.797 3.059050557656774
0.8105 2.764230282162042
0.824 2.498293275578722
0.8375 2.2068212564339165
0.851 1.9139459938509533
0.8645 1.643261684124119
0.878 1.4011620078369211
0.8915 1.1761692075830998
0.905 0.9753333355245668
0.9185 0.8004686236738267
0.932 0.6487413894785722
0.9455 0.5243467480617036
0.959 0.4161853854453709
0.9725 0.3267088637377441
0.986 0.2551358209987717
0.9995 0.19763731046810706
1.013 0.15137745309392334
1.0265 0.1154106382184463
1.04 0.08698637134055354
1.0535 0.06495319773157378
1.067 0.04831236859549979
1.0805 0.035434914773812526
1.094 0.025858366597016152
1.1075 0.018854006830169395
1.121 0.013562572871160642
1.1345 0.00977166703556801
1.148 0.006967395057222442
1.1615 0.0049152372499259
1.175 0.003479942964109815
1.1885 0.002439485935387505
1.202 0.0016944574395638965
1.2155 0.0011770963509252393
1.229 0.0008101135464164595
1.2425 0.0005616353847597434
1.256 0.00038385486896018667
1.2695 0.00025955361296177925
1.283 0.0001769718543276873
1.2965 0.00011955176246425973
1.31 8.049904134255701e-05
