0.0 2.891788675086943
0.015 3.0833987707867068
0.03 3.192712673642368
0.045 3.242190804880252
0.06 3.2395151258463226
0.075 3.196948988867514
0.09 3.125134929349845
0.105 3.025906995539621
0.12 2.911112052933251
0.135 2.780980678326024
0.15 2.645937670459861
0.165 2.5013547639854026
0.18 2.3571900232557943
0.195 2.212931559527702
0.21 2.0714166338294415
0.225 1.9328711567673487
0.24 1.7979177983751946
0.255 1.669157088385027
0.27 1.5464917491731156
0.285 1.4303882767222766
0.3 1.3208122557152024
0.315 1.21779026445915
0.33 1.1212342581572285
0.345 1.0305854575074636
0.36 0.9475166868086861
0.375 0.8703822949114963
0.39 0.7980213920371978
0.405 0.7310637937383049
0.42 0.6700327205038756
0.435 0.6129817822572843
0.45 0.5608906713285349
0.465 0.5134078727222173
0.48 0.46942961583995996
0.495 0.428941928630417
0.51 0.3920142221126579
0.525 0.358309147967032
0.54 0.32724453099900563
0.555 0.2988469125812682
0.57 0.27303839099252614
0.585 0.24941321921063608
0.6 0.2279036976798948
0.615 0.2080313755046014
0.63 0.19022542522399957
0.645 0.17372328977980758
0.66 0.15874319797636463
0.675 0.1450856815510264
0.69 0.1326308362308206
0.705 0.12118562466872869
0.72 0.11087065072593315
0.735 0.10140289677733426
0.75 0.09278143163660772
0.765 0.0849473264423292
0.78 0.0777844882111888
0.795 0.07123222014683687
0.81 0.06519430404006007
0.825 0.05976016475362158
0.84 0.05477714143190765
0.855 0.05026022376156448
0.87 0.04611804418780919
0.885 0.04230892957876518
0.9 0.03885861302681962
0.915 0.03568914610711644
0.93 0.03280687072596746
0.945 0.030156825990410672
0.96 0.027738090027420313
0.975 0.025521387650081603
0.99 0.02350729054764237
1.005 0.021654187634305395
1.02 0.019946959735677644
1.035 0.01840167369348716
1.05 0.01697377400273426
1.065 0.015671508125081196
1.08 0.014477686470029453
1.095 0.01337949464994964
1.11 0.012372505434809831
1.125 0.011447517576586004
1.14 0.010596233605625418
1.155 0.00981634725144595
1.17 0.009103804774485894
1.185 0.008440005248409311
1.2 0.00783595985922182
