1.65 1.7021646155466147e-05
1.7625 5.543975075467322e-05
1.875 0.00016306092568876775
1.9875 0.00042866311268288226
2.1 0.001036251697833351
2.2125 0.0023079946605857864
2.325 0.00482887835043181
2.4375 0.009312057578431983
2.55 0.017105089814175134
2.6625 0.029957133846278693
2.775 0.05018042342829257
2.8875 0.0802634303116517
3.0 0.12311928424407169
3.1125 0.17926775740716977
3.225 0.2505779454753378
3.3375 0.3280433850062221
3.45 0.40663093415825363
3.5625 0.4789050352988541
3.675 0.5428931022926919
3.7875 0.5819250264197483
3.9 0.5983838976043274
4.0125 0.6021426086938436
4.125 0.5728511155561166
4.2375 0.5410980893028512
4.35 0.5026023399939579
4.4625 0.45261967825337834
4.575 0.3944617041844856
4.6875 0.3410134001650218
4.8 0.29425868380307163
4.9125 0.25279639285648037
5.025 0.2127201065178417
5.1375 0.17949486092797393
5.25 0.14864341973551226
5.3625 0.12317029225617826
5.475 0.10151112456495207
5.5875 0.08375786654815791
5.7 0.0690261204052552
5.8125 0.057022926902683756
5.925 0.04689587291378476
6.0375 0.03867136861096553
6.15 0.03181075267010101
6.2625 0.026188034050006425
6.375 0.021131901527266583
6.4875 0.017488150174784778
6.6 0.014447636900733987
6.7125 0.012256235145881922
6.825 0.010198842589612248
6.9375 0.008483352300976523
7.05 0.007037597258160488
7.1625 0.005847324682588935
7.275 0.0050005942028276676
7.3875 0.0041753542165663205
7.5 0.0034745565356607833
7.6125 0.002987680828880936
7.725 0.00249666521261818
7.8375 0.0021548310623395453
7.95 0.001858105920691257
8.0625 0.0015555484004500728
8.175 0.0013443116514731807
8.2875 0.0011642655437014643
8.4 0.0010092361992557687
8.5125 0.0008739325535666428
8.625 0.0007590908106501039
8.7375 0.0006588292557219404
8.85 0.0005728364913766998
8.9625 0.0004983091737826452
9.075 0.00044687188893484126
9.1875 0.00039034280943744286
9.3 0.0003402817204923656
9.4125 0.00030538537392890035
9.525 0.00026753615441846827
9.6375 0.00023376404166036008
9.75 0.00021073177194182264
9.8625 0.00019024020034226488
9.975 0.00016703063439723874
10.088 0.00015093921882872478
10.2 0.00013611959424699452
10.312 0.0001197038388573755
10.425 0.00010851507181303661
10.538 9.855167468376816e-05
10.65 8.926254306924558e-05
