0.5 5.1889285933372497e-05
0.515 0.00017810102652117096
0.53 0.0005612924981508406
0.545 0.001642370846146129
0.56 0.00444258376508551
0.575 0.011085906958104425
0.59 0.025867362449151117
0.605 0.055895175646199995
0.62 0.11373106115343111
0.635 0.21558879528515285
0.65 0.38531820835546704
0.665 0.6393534551797946
0.68 1.0135544734027784
0.695 1.5096485171483458
0.71 2.1211545691894687
0.725 2.823903182179922
0.74 3.5842436911909
0.755 4.316467137056022
0.77 4.910305206276722
0.785 5.379684108582696
0.8 5.611860637178101
0.815 5.561562142493043
0.83 5.309733913792182
0.845 4.83946921826628
0.86 4.225105648742155
0.875 3.5592761498879106
0.89 2.903664881020077
0.905 2.2561724648242594
0.92 1.6846752224099588
0.935 1.215325368168241
0.95 0.852278481274264
0.965 0.5762939013246312
0.98 0.3768876824710138
0.995 0.2385146216276909
1.01 0.1465678335591333
1.025 0.08666075061689578
1.04 0.05035061503845378
1.055 0.02802849490756589
1.07 0.015310073535547645
1.085 0.008036345119399671
1.1 0.004180439790898396
1.115 0.0020994115641433087
1.13 0.0010254640091441557
1.145 0.0004928306827737968
1.16 0.00023066312898201925
1.175 0.000104664364110056
1.19 4.668944018706266e-05
1.205 2.0273422403928225e-05
1.22 8.64715087293796e-06
1.235 3.6166624229211046e-06
1.25 1.4670021748757477e-06
1.265 5.919970609736318e-07
1.28 2.3135252056472052e-07
1.295 8.91776795055013e-08
1.31 3.364084426367655e-08
1.325 1.2500825972413879e-08
1.34 4.548731478852305e-09
1.355 1.6267857135035955e-09
1.37 5.720401783136428e-10
1.385 1.9822329496676307e-10
1.4 6.753598370302546e-11
1.415 2.2536191107835005e-11
1.43 7.458745276667213e-12
1.445 2.4005294161903174e-12
1.46 7.658223280211112e-13
1.475 2.425614261500477e-13
1.49 7.514678805780569e-14
1.505 2.2995866466570633e-14
1.52 6.9229836594468946e-15
1.535 2.0532357689682585e-15
1.55 6.014033672292563e-16
1.565 1.7327925019554978e-16
1.58 4.88864378784234e-17
1.595 1.3708646396463745e-17
1.61 3.798844540825175e-18
1.625 1.0351231664986805e-18
1.64 2.790066732008715e-19
1.655 7.357811569428896e-20
1.67 1.9250112622880355e-20
1.685 4.919499180376136e-21
1.7 1.2571178492033838e-21
