1.1 3.1254367032898784e-06
1.1325 6.829594914659343e-06
1.165 1.4156711596088401e-05
1.1975 2.830819254442887e-05
1.23 5.5174195903152516e-05
1.2625 0.00010274911603503316
1.295 0.0001872985337974266
1.3275 0.00032733818143001054
1.36 0.0005565290687101664
1.3925 0.0009314713279709988
1.425 0.0014990771108449829
1.4575 0.0023746266386170897
1.49 0.003665259278069266
1.5225 0.005492116677910444
1.555 0.008118208350706486
1.5875 0.011647467671734824
1.62 0.016535998918091082
1.6525 0.022897682036756392
1.685 0.031244498054275968
1.7175 0.0418809706417339
1.75 0.054546525230974134
1.7825 0.0711234185161404
1.815 0.09074537772722897
1.8475 0.11398700076928531
1.88 0.14171417558087582
1.9125 0.17382177651416783
1.945 0.2097934535794527
1.9775 0.2518252920371522
2.01 0.2985847640109819
2.0425 0.35064048582624097
2.075 0.40535729962646516
2.1075 0.4705296086604614
2.14 0.5431787763203985
2.1725 0.6253382581713559
2.205 0.7172632122217337
2.2375 0.8224181850558115
2.27 0.9378313045356959
2.3025 1.0588142667101366
2.335 1.188766220608067
2.3675 1.3196564671163937
2.4 1.441900170306239
2.4325 1.546573500172028
2.465 1.6372480514418384
2.4975 1.6766735378896864
2.53 1.686187959926175
2.5625 1.6567410533420959
2.595 1.5836249524625634
2.6275 1.4853793670359745
2.66 1.355535013164824
2.6925 1.2082792580957054
2.725 1.0593963849160588
2.7575 0.9051173856498949
2.79 0.7608793874154228
2.8225 0.6242370637603443
2.855 0.5042450757867779
2.8875 0.40330840485358455
2.92 0.31478375105124806
2.9525 0.2426757596569003
2.985 0.18375579228386105
3.0175 0.13746170807687233
3.05 0.10192976575604745
3.0825 0.07496103230959547
3.115 0.0544829546208747
3.1475 0.039053361192720105
3.18 0.027876559459904512
3.2125 0.019693235024183464
3.245 0.013742994689745927
3.2775 0.00952727436292483
3.31 0.00657851773355388
3.3425 0.004530862159356799
3.375 0.0030834155276996313
3.4075 0.0020954411019746912
3.44 0.0014138492405402592
3.4725 0.000951028295917939
3.505 0.0006375106097782092
3.5375 0.0004282274351059959
3.57 0.0002837333690975384
3.6025 0.00018941128694152139
3.635 0.00012559704641947316
3.6675 8.279733170398638e-05
3.7 5.4868831225626616e-05
