0.85 1.9280570247899677e-05
0.91625 4.980584490715565e-05
0.9825 0.00011875557949550438
1.0488 0.00026393941208319215
1.115 0.0005491910575451103
1.1812 0.0010766639243748163
1.2475 0.0019989394652791654
1.3137 0.003534182786010106
1.38 0.005972230991201462
1.4463 0.009678507403988049
1.5125 0.015108370127145674
1.5787 0.02272775743395605
1.645 0.03317104558830214
1.7113 0.04695025289669791
1.7775 0.06461752261692257
1.8438 0.0868243323856833
1.91 0.11397227073765358
1.9762 0.14681293967124012
2.0425 0.18593980715956338
2.1088 0.23205707659555658
2.175 0.28600253939438264
2.2412 0.3484772764425662
2.3075 0.4188488526015438
2.3738 0.49566011466283455
2.44 0.5764925886046964
2.5063 0.6559966788964178
2.5725 0.728879718820218
2.6387 0.7897959107512261
2.705 0.8335517827763187
2.7713 0.8576070845730442
2.8375 0.8603487692429129
2.9038 0.8421072135399513
2.97 0.8058784314419988
3.0363 0.7558398704376343
3.1025 0.6949727825683698
3.1688 0.628051428790302
3.235 0.5583428573372169
3.3013 0.48925768693563554
3.3675 0.42335842449749034
3.4338 0.36210951690260296
3.5 0.30627218084637686
3.5663 0.25699849045242007
3.6325 0.21378101894565169
3.6988 0.17670278798568542
3.765 0.14506304741838483
3.8313 0.11853650063833077
3.8975 0.09639001274131066
3.9638 0.07804734389064781
4.03 0.06303348901417627
4.0963 0.05077337761242292
4.1625 0.040785099268135463
4.2287 0.03273603174080254
4.295 0.02623301390819998
4.3613 0.020986297426587096
4.4275 0.016806365171813428
4.4938 0.013438315822181015
4.56 0.010747161436614713
4.6262 0.008605585301141177
4.6925 0.006885715248869237
4.7588 0.0055187612542058695
4.825 0.00442776242838727
4.8912 0.0035527164101205933
4.9575 0.0028584214751074754
5.0237 0.0022991907493525626
5.09 0.0018555478661632344
5.1562 0.0014979470010378288
5.2225 0.0012120985188728722
5.2888 0.000982235493007304
5.355 0.0007966712593344269
5.4212 0.0006480900805688521
5.4875 0.000528613303122861
5.5537 0.0004317604930779121
5.62 0.0003532290285970283
5.6863 0.00028940739345722236
5.7525 0.00023772189379214466
5.8187 0.0001959437383736525
5.885 0.00016170484049790696
5.9512 0.00013362552970655413
6.0175 0.00011077726799413146
6.0838 9.207993653086162e-05
6.15 7.654836327588561e-05
