0.2 1.4608307673851746e-05
0.22063 4.149280299734734e-05
0.24125 0.00010930703355014888
0.26188 0.00026946953461848424
0.2825 0.0006238514646604787
0.30313 0.001360918702166521
0.32375 0.0028131783306444397
0.34437 0.00551394501384895
0.365 0.010298469220344593
0.38562 0.018375283924673975
0.40625 0.03141864257433758
0.42688 0.05153477750801595
0.4475 0.08128685437966089
0.46813 0.12367758628895921
0.48875 0.18188756134822945
0.50938 0.25871092910813276
0.53 0.3567620008938768
0.55063 0.47722461481830347
0.57125 0.6206158832374693
0.59188 0.7860191835527537
0.6125 0.9703531202988601
0.63313 1.1684629819913293
0.65375 1.3734492652711094
0.67438 1.5799748778336926
0.695 1.7783894013209591
0.71562 1.9603599224861925
0.73625 2.1198628868326925
0.75687 2.2500931152383954
0.7775 2.3430038423367368
0.79812 2.4024747301635525
0.81875 2.4189170786045637
0.83937 2.3996162306763322
0.86 2.344309835494132
0.88062 2.2536462305725027
0.90125 2.1410598479211194
0.92188 2.0060596869875864
0.9425 1.853862702185062
0.96313 1.692490246106425
0.98375 1.527839831084679
1.0044 1.3621586726397499
1.025 1.2019819973009958
1.0456 1.0496549648207425
1.0663 0.9073129954127741
1.0869 0.7764533145366376
1.1075 0.6586734051992547
1.1281 0.553577897163614
1.1488 0.4612464145108595
1.1694 0.38166974745647964
1.19 0.31292797643188225
1.2106 0.2548555305536145
1.2312 0.20585330656198209
1.2519 0.16522571859878657
1.2725 0.13181091774881298
1.2931 0.1045201748234727
1.3137 0.08242251139684079
1.3344 0.06458266003890688
1.355 0.05037136395298868
1.3756 0.039118190410571047
1.3962 0.030210485096962034
1.4169 0.023263168051216945
1.4375 0.017823890914485385
1.4581 0.013622889942293432
1.4788 0.01037784657183972
1.4994 0.007877616928553014
1.52 0.005968882369721478
1.5406 0.004510614910285755
1.5613 0.0034043697285639804
1.5819 0.0025642451836182844
1.6025 0.0019294850564852974
1.6231 0.0014517608838161176
1.6438 0.001092233082295034
1.6644 0.0008221834751383221
1.685 0.0006189992958284037
1.7056 0.00046686233679121055
1.7263 0.00035246289305685893
1.7469 0.00026698553031570305
1.7675 0.00020280087528093478
1.7881 0.00015451950490285942
1.8088 0.00011820410443774934
1.8294 9.076978997108324e-05
1.85 6.999373668952814e-05
