0.83 4.779640762487255e-06
0.86125 1.0136492049540755e-05
0.8925 2.095253322175633e-05
0.92375 4.2297467377006426e-05
0.955 8.319813594958339e-05
0.98625 0.00015949315094871696
1.0175 0.0002981751180080257
1.0488 0.0005432240498291747
1.08 0.0009646554991236631
1.1113 0.001670893319426442
1.1425 0.002820893959930126
1.1738 0.004653727291371276
1.205 0.007477463438256383
1.2363 0.011743064666898971
1.2675 0.01800502256884625
1.2988 0.026933478821461947
1.33 0.03949902276502274
1.3613 0.056574609280085036
1.3925 0.0792517723259152
1.4238 0.10869243507270397
1.455 0.14589150241535923
1.4863 0.19198696868561596
1.5175 0.24774207132000908
1.5488 0.3133818390861165
1.58 0.388873747778964
1.6113 0.4737074436870182
1.6425 0.5676414087954779
1.6738 0.667060135867043
1.705 0.7710738676422201
1.7363 0.8760223869863581
1.7675 0.9797974739769633
1.7988 1.0788374407661092
1.83 1.1712137648317738
1.8613 1.249125194695375
1.8925 1.314979507625449
1.9238 1.3660098274779784
1.955 1.3983893941871928
1.9863 1.4130558728916267
2.0175 1.4102028810764788
2.0488 1.3895440660875051
2.08 1.3531051977840134
2.1113 1.3018795157608487
2.1425 1.2403442931623878
2.1738 1.1680713759112376
2.205 1.0900985309956288
2.2363 1.007311707746731
2.2675 0.9230188766230054
2.2988 0.8383264742694209
2.33 0.7567141726854004
2.3613 0.6783453030819298
2.3925 0.6041148140964328
2.4238 0.5342299727805357
2.455 0.46956420633890705
2.4863 0.40913220384125204
2.5175 0.3529734356377589
2.5488 0.30120018722749575
2.58 0.2538679621150123
2.6113 0.21091420490064516
2.6425 0.1723289632076869
2.6738 0.1384665663741977
2.705 0.10926911468824614
2.7363 0.084668628249319
2.7675 0.06439079141768413
2.7988 0.04804376875153317
2.83 0.03518234708350961
2.8613 0.025324884143042913
2.8925 0.01790526589052472
2.9238 0.012444201479543622
2.955 0.008508188428637589
2.9863 0.005727704625012551
3.0175 0.0038012525946601516
3.0488 0.002486561734668507
3.08 0.001604940797433334
3.1113 0.0010231749378462878
3.1425 0.0006446166217504967
3.1738 0.0004015436774308814
3.205 0.0002478185214647416
3.2363 0.00015139125456500052
3.2675 9.168238250615618e-05
3.2988 5.505571958672058e-05
3.33 3.282496253290631e-05
