0.15 2.960739165197675e-06
0.21687 2.023133804640014e-05
0.28375 9.595793308765368e-05
0.35062 0.00034824621332319957
0.4175 0.0010311088070731646
0.48438 0.0025967945109966408
0.55125 0.005724890961905908
0.61812 0.011312906205499403
0.685 0.02038749040933757
0.75187 0.03399408218859989
0.81875 0.05297202840806047
0.88562 0.07789905172221698
0.9525 0.10900894024908216
1.0194 0.14612651725593184
1.0862 0.1884351852180312
1.1531 0.23533740972663245
1.22 0.2859528443336481
1.2869 0.33936892761594223
1.3537 0.3953390304613992
1.4206 0.4540045529635785
1.4875 0.5163324675771729
1.5544 0.5826167026015978
1.6212 0.6523893969595113
1.6881 0.7231815523337706
1.755 0.7885566960144915
1.8219 0.8417445303885255
1.8887 0.8750311317817442
1.9556 0.8838350742234411
2.0225 0.8667254566130705
2.0894 0.8258058108686696
2.1562 0.7653700874398297
2.2231 0.6918428845622342
2.29 0.6114055612053869
2.3569 0.5297482865644437
2.4237 0.4511748061522254
2.4906 0.3785506306762965
2.5575 0.31353797877666356
2.6244 0.25698909454219115
2.6912 0.20866859907138788
2.7581 0.1683906667871477
2.825 0.13502517123779073
2.8919 0.10781297943846241
2.9587 0.08579295323772336
3.0256 0.06809339619155581
3.0925 0.05398969979997972
3.1594 0.042732928821323055
3.2262 0.033847433254385356
3.2931 0.026819589509164053
3.36 0.02126258991432685
3.4269 0.01688220063022667
3.4937 0.01342337209482314
3.5606 0.010701848054267634
3.6275 0.008547305833451731
3.6944 0.006841990179492163
3.7612 0.005492717973884188
3.8281 0.004419021514994497
3.895 0.003569204116065444
3.9619 0.0028892471558284835
4.0287 0.002347212854012373
4.0956 0.001912518708404503
4.1625 0.0015631521020990965
4.2294 0.001281529445498078
4.2962 0.0010539411837692302
4.3631 0.0008698529587199736
4.43 0.0007202973682926774
4.4969 0.0005984249838679891
4.5637 0.0004983920135588113
4.6306 0.00041652379424194323
4.6975 0.0003491993443984071
4.7644 0.0002937100788228286
4.8312 0.0002476863922704288
4.8981 0.00020956219699858435
4.965 0.00017794058035270282
5.0319 0.00015153690793171301
5.0987 0.00012936125035217628
5.1656 0.00011067765296111344
5.2325 9.508953294741868e-05
5.2994 8.187486729517835e-05
5.3662 7.062389010391855e-05
5.4331 6.113852048974117e-05
5.5 5.306158049199958e-05
