0.0 2.0427878859418234e-05
0.01625 0.00012168326672999584
0.0325 0.0005086304398285396
0.04875 0.0016945568895430742
0.065 0.004759597464938109
0.08125 0.011673914577723361
0.0975 0.025573657974008814
0.11375 0.05091610054656405
0.13 0.09339662694891876
0.14625 0.15954994341586304
0.1625 0.25558767555708367
0.17875 0.38731278160389787
0.195 0.5579805895047223
0.21125 0.7679185174526095
0.2275 1.0137409857358473
0.24375 1.2890373015326995
0.26 1.5831835356215167
0.27625 1.8857507211351863
0.2925 2.179773655553978
0.30875 2.4529648018502423
0.325 2.6962339937429474
0.34125 2.89097433924827
0.3575 3.036412955737608
0.37375 3.128708199991253
0.39 3.1618800656476336
0.40625 3.1436472556021364
0.4225 3.0727471494914496
0.43875 2.960036774562864
0.455 2.8110679357758404
0.47125 2.6365038339634403
0.4875 2.439777522289237
0.50375 2.231995458144784
0.52 2.020245572224
0.53625 1.809444298133452
0.5525 1.606264725389556
0.56875 1.4116338070722365
0.585 1.2313167214925578
0.60125 1.0650045450925523
0.6175 0.9144327748290433
0.63375 0.7792444917408915
0.65 0.6598340825140878
0.66625 0.5550105923821098
0.6825 0.4644118991021974
0.69875 0.3864381333603024
0.715 0.31992236037430183
0.73125 0.26350763502539226
0.7475 0.21622646060433465
0.76375 0.17655816907451044
0.78 0.14360832749589664
0.79625 0.11644505644974058
0.8125 0.09405193811882867
0.82875 0.07574309993925313
0.845 0.06083705415603698
0.86125 0.04872627409487852
0.8775 0.03893043529804667
0.89375 0.03103705731376515
0.91 0.024702807272134832
0.92625 0.019618120016424826
0.9425 0.015560865458631752
0.95875 0.012319766299455076
0.975 0.009746130252954077
0.99125 0.00770192459496883
1.0075 0.00608061656031438
1.0237 0.004797713988026972
1.04 0.00378253989686946
1.0563 0.0029829980008657803
1.0725 0.0023523079002195657
1.0888 0.001854560431747822
1.105 0.00146110200372322
1.1213 0.0011524734774269736
1.1375 0.0009093948437178822
1.1538 0.0007180146511375334
1.17 0.0005670917668343244
1.1863 0.00044823512678771445
1.2025 0.00035477626207857196
1.2188 0.0002809108466614469
1.235 0.00022287023350918493
1.2512 0.00017678402301040918
1.2675 0.0001404249120140016
1.2837 0.0001116430244551342
1.3 8.889463438579819e-05
