0.0 1.2119750378250558
0.0875 1.16553019367947
0.175 1.0518197269906706
0.2625 0.9269370968105011
0.35 0.8114104275804144
0.4375 0.7080106007045054
0.525 0.6196363134731925
0.6125 0.5450026079828343
0.7 0.482409454806096
0.7875 0.4301752372142615
0.875 0.38660705975182996
0.9625 0.35068328113077163
1.05 0.3198284156815772
1.1375 0.29380102790549595
1.225 0.270041899165398
1.3125 0.24729753027908663
1.4 0.2243419288138021
1.4875 0.20111131185449616
1.575 0.1776452382097995
1.6625 0.15467267648648558
1.75 0.13291450930204746
1.8375 0.11294965032940173
1.925 0.09512205174717163
2.0125 0.07958948819819994
2.1 0.06624072870275212
2.1875 0.05508456088227362
2.275 0.045696140691561436
2.3625 0.037958413889225086
2.45 0.03156227221465218
2.5375 0.026314769785419287
2.625 0.022008555343370307
2.7125 0.018460220434291515
2.8 0.015563041084144065
2.8875 0.013178308981371612
2.975 0.011212516819895879
3.0625 0.009585765769099449
3.15 0.008231910520172431
3.2375 0.007102724558124792
3.325 0.0061591515172413885
3.4125 0.005365221286823291
3.5 0.0047001025790149795
3.5875 0.004131425397155285
3.675 0.0036490083017969486
3.7625 0.003238488550384335
3.85 0.00288430423098607
3.9375 0.002579359290462675
4.025 0.00231702617463829
4.1125 0.00208822032070209
4.2 0.0018889974606820725
4.2875 0.0017134697478232252
4.375 0.0015602378886371468
4.4625 0.001425337388828259
4.55 0.0013059895394198849
4.6375 0.001200511317858936
4.725 0.0011059475430107415
4.8125 0.0010218722876342585
4.9 0.000947205030793126
4.9875 0.0008795134884636772
5.075 0.0008188523653646439
5.1625 0.0007636638265483305
5.25 0.0007142695996958334
5.3375 0.0006690856573237014
5.425 0.0006283040990191648
5.5125 0.0005913232128377074
5.6 0.0005569726850971804
5.6875 0.0005257691480583586
5.775 0.0004975283704349654
5.8625 0.00047119057446529366
5.95 0.0004467971159291651
6.0375 0.0004248144152759196
6.125 0.0004041461486306931
6.2125 0.00038486020496599405
6.3 0.00036731744903755473
6.3875 0.00035105647831159523
6.475 0.00033551491542571985
6.5625 0.00032148086451700195
6.65 0.0003082960094428691
6.7375 0.0002957483612019224
6.825 0.00028401603990193375
6.9125 0.0002732333555613616
7.0 0.0002631027331094573
