0.7 2.8965369899836765e-05
0.735 6.840436489900883e-05
0.77 0.00015288156251918447
0.805 0.0003247189261967247
0.84 0.0006559129119990996
0.875 0.0012667740664270173
0.91 0.0023447420067090716
0.945 0.004159036084847046
0.98 0.007106462556070535
1.015 0.011709902045480638
1.05 0.018648321545946863
1.085 0.028750441302132963
1.12 0.042916052643973704
1.155 0.06229011207413181
1.19 0.08777358459747132
1.225 0.12058259036446094
1.26 0.16148841713632595
1.295 0.21113357501233798
1.33 0.269513227994511
1.365 0.33681099064318537
1.4 0.41199585921859355
1.435 0.4940272230012741
1.47 0.5811178929502777
1.505 0.6713608011808043
1.54 0.7620441302205051
1.575 0.8505269152540355
1.61 0.9342919576160383
1.645 1.0105211517456718
1.68 1.0774482972474158
1.715 1.1311963200937827
1.75 1.1738086973193118
1.785 1.2009737250901
1.82 1.2138325048777874
1.855 1.2129676447620106
1.89 1.1977958984427801
1.925 1.1698929854414941
1.96 1.131837695880262
1.995 1.084319769906449
2.03 1.0284327492376852
2.065 0.9663711189436691
2.1 0.9006439710401067
2.135 0.8330973492603104
2.17 0.7642899915087812
2.205 0.6962283666736233
2.24 0.6297780428824807
2.275 0.5666681944557066
2.31 0.506212092473829
2.345 0.45008179709624935
2.38 0.3979784032703075
2.415 0.3498627885149993
2.45 0.3055580461344837
2.485 0.2650625899086524
2.52 0.22812021550568942
2.555 0.19440114067574293
2.59 0.1639638807672626
2.625 0.13672009937188523
2.66 0.11258254547554315
2.695 0.09148441404264383
2.73 0.0732857470486651
2.765 0.05788394854744887
2.8 0.04507194938343158
2.835 0.034602438397857434
2.87 0.026187224847844925
2.905 0.01955623314288938
2.94 0.014407107651203215
2.975 0.010480396072643441
3.01 0.007534780346989592
3.045 0.005352274013677421
3.08 0.003760998667402812
3.115 0.0026170857207510937
3.15 0.0018029974705181717
3.185 0.0012315520132786318
3.22 0.0008338688810830822
3.255 0.0005604602885461805
3.29 0.0003740357468709037
3.325 0.0002479864159040262
3.36 0.00016341480217684686
3.395 0.00010713564723823924
3.43 6.985426115782444e-05
3.465 4.537616781902145e-05
3.5 2.9325195397787307e-05
