0.0 5.936026413836074e-06
0.045 4.290275877207424e-05
0.09 0.00018288275364451194
0.135 0.0005848214563753867
0.18 0.0015371279796937403
0.225 0.0034853621345268216
0.27 0.007039993706579719
0.315 0.012948681448499524
0.36 0.022057055457902357
0.405 0.03515462323893205
0.45 0.05300365633150955
0.495 0.07613523806588551
0.54 0.10483829504479299
0.585 0.13916955729896083
0.63 0.17885787552979082
0.675 0.22302905589220545
0.72 0.27094584990549897
0.765 0.3218686762558
0.81 0.37391333226236795
0.855 0.42700746560271374
0.9 0.47882450218825345
0.945 0.5289537670263347
0.99 0.5760622422936125
1.035 0.6198299051708613
1.08 0.6592776804894191
1.125 0.6942479465310784
1.17 0.7237024830465202
1.215 0.7484465450912982
1.26 0.7685716831423078
1.305 0.7837164663967914
1.35 0.7944650575076225
1.395 0.8015672775735877
1.44 0.8052934127127491
1.485 0.8063076926140716
1.53 0.8047182507132818
1.575 0.800520485953822
1.62 0.7933894126299279
1.665 0.7820865022611779
1.71 0.764894456975748
1.755 0.7406124946134942
1.8 0.7075652378094128
1.845 0.6660506510962554
1.89 0.6166400956012936
1.935 0.5606498959931345
1.98 0.5007033750458281
2.025 0.4389463294310301
2.07 0.3782191822802134
2.115 0.3206956552432532
2.16 0.2673283467443639
2.205 0.22001903018869703
2.25 0.17838814132301287
2.295 0.14306124451755947
2.34 0.11346247870498204
2.385 0.08918101416336412
2.43 0.06945416962648326
2.475 0.05375718319700773
2.52 0.04130721557867207
2.565 0.03157813436165548
2.61 0.02404799842893223
2.655 0.018230682208126434
2.7 0.013779169046265478
2.745 0.010395478627559929
2.79 0.00782660174329502
2.835 0.0058838197804218315
2.88 0.004420448895604901
2.925 0.0033220200580895286
2.97 0.002496578591184475
3.015 0.0018765677420832243
3.06 0.001411481455616253
3.105 0.001063192921664301
3.15 0.0008019673706339183
3.195 0.0006055725683373384
3.24 0.0004583509378275383
3.285 0.0003476990903752671
3.33 0.00026420078709304295
3.375 0.00020134895506009396
3.42 0.0001537592409984919
3.465 0.00011768093622077453
3.51 9.036515787588783e-05
3.555 6.95329466231694e-05
3.6 5.366974329116789e-05
