0.0 0.00928926759950129
0.1875 0.06690060507950876
0.375 0.1644227495263399
0.5625 0.26505097856031407
0.75 0.3401539496658459
0.9375 0.37954867588556285
1.125 0.38751268038206604
1.3125 0.37371651125974964
1.5 0.348132440651607
1.6875 0.31868799864333514
1.875 0.2925991852045954
2.0625 0.27461811118614543
2.25 0.2653245361472557
2.4375 0.2585708856547584
2.625 0.24601713500373978
2.8125 0.22445888879725212
3.0 0.1960243808322012
3.1875 0.1650571045479767
3.375 0.13529423947673783
3.5625 0.10905068388013495
3.75 0.08705962347049875
3.9375 0.06929432062143329
4.125 0.05520155416585467
4.3125 0.04415580633235375
4.5 0.03553996888086243
4.6875 0.028829776365002186
4.875 0.023585536900603044
5.0625 0.019480212307340455
5.25 0.016232804783767985
5.4375 0.013669364083496574
5.625 0.011600198945681171
5.8125 0.009936306740112035
6.0 0.008582548402889752
6.1875 0.007475456735566275
6.375 0.006564481575916237
6.5625 0.005803082451515367
6.75 0.005164747616712813
6.9375 0.004625746774367588
7.125 0.00416708880133406
7.3125 0.003774966175535979
7.5 0.003441051064288687
7.6875 0.0031453019693225516
7.875 0.0028928820581944864
8.0625 0.0026642043401668416
8.25 0.002468330203579034
8.4375 0.0022944331296290547
8.625 0.002136084355246568
8.8125 0.001996587357118717
9.0 0.001871013041789005
9.1875 0.001755779031310579
9.375 0.0016513998922543138
9.5625 0.001556844648393431
9.75 0.0014714619096286578
9.9375 0.0013943416687374772
10.125 0.0013211344612508128
10.312 0.0012529354423353194
10.5 0.0011921988086705429
10.688 0.0011346456969036356
10.875 0.0010817445109043795
11.062 0.0010335047144352397
11.25 0.000986878264120161
11.438 0.000944296939119495
11.625 0.0009040873841165721
11.812 0.0008661263948961403
12.0 0.0008321448249131959
12.188 0.0007979526109355773
12.375 0.0007666012868760335
12.562 0.0007389508625107567
12.75 0.0007105148346635946
12.938 0.000684459631964295
13.125 0.0006595889685750768
13.312 0.00063593375820906
13.5 0.0006152865599033686
13.688 0.0005946778409053381
13.875 0.0005747745032053457
14.062 0.0005558423110190052
14.25 0.0005384921166776784
14.438 0.0005219297715778266
14.625 0.0005060518249962482
14.812 0.0004908082534599009
15.0 0.000476925237887461
