0.0 0.20166831474538743
0.1875 0.486418723641052
0.375 0.5733967303768741
0.5625 0.546798503503231
0.75 0.47828275854158886
0.9375 0.40540761434717565
1.125 0.34352547498478336
1.3125 0.2945249120041202
1.5 0.25420807040581006
1.6875 0.21787716998547388
1.875 0.18434765995008626
2.0625 0.1540458714777057
2.25 0.12772686880480627
2.4375 0.10553380708452206
2.625 0.0873462486483036
2.8125 0.07267952872583174
3.0 0.06096073189930836
3.1875 0.05160397820500298
3.375 0.04410904182088594
3.5625 0.03811632084367806
3.75 0.033289532772136886
3.9375 0.02937304926265336
4.125 0.026171826623813604
4.3125 0.023533201235403065
4.5 0.02134643275322543
4.6875 0.019519032101542672
4.875 0.017980719014823326
5.0625 0.01667509476715068
5.25 0.015538712898729334
5.4375 0.014587110515315615
5.625 0.013738063009497996
5.8125 0.013014600016768737
6.0 0.012371272447569347
6.1875 0.011803734408236724
6.375 0.011300433100464706
6.5625 0.010845706481165736
6.75 0.010449189996641621
6.9375 0.010077182490577088
7.125 0.009749952550863264
7.3125 0.009450884326267851
7.5 0.009176304417986586
7.6875 0.00892382429433072
7.875 0.008697108204127352
8.0625 0.008480862803593595
8.25 0.008287524957267998
8.4375 0.008099377878557195
8.625 0.007937739016705333
8.8125 0.007777752562297736
9.0 0.007626892593230691
9.1875 0.007491738735417588
9.375 0.007361597319623364
9.5625 0.007240440328501943
9.75 0.007123538977300934
9.9375 0.007020091936589486
10.125 0.006913821900692664
10.312 0.006819940417307793
10.5 0.006722864606273804
10.688 0.00663509907331099
10.875 0.00655276352288749
11.062 0.006470568168380873
11.25 0.006396476446583445
11.438 0.0063239788117448485
11.625 0.006251740815093786
11.812 0.0061817131762263
12.0 0.006135245014365492
12.188 0.006068741489772798
12.375 0.0060162944004408195
12.562 0.0059529945125811595
12.75 0.005905689726957678
12.938 0.0058558395850570495
13.125 0.005798622264847516
13.312 0.005753773860376784
13.5 0.00570865069102607
13.688 0.005665860394791247
13.875 0.005619975337471115
14.062 0.005578426018775842
14.25 0.0055386485487465146
14.438 0.005511338363745315
14.625 0.0054740150420541445
14.812 0.005435109438090664
15.0 0.005399256221267359
