1.2 1.6576025068853466e-06
1.2412 5.023428083987333e-06
1.2825 1.4113014647963583e-05
1.3237 3.6826394237592403e-05
1.365 9.070818701320713e-05
1.4062 0.00021275589791228895
1.4475 0.0004616127949082466
1.4888 0.0009438797614074889
1.53 0.0018591810168367003
1.5713 0.003504180269249773
1.6125 0.006238997957169035
1.6537 0.010648210667830659
1.695 0.017654799779143103
1.7362 0.02780247645388036
1.7775 0.04267785576599719
1.8187 0.06256547206319914
1.86 0.0884076387690568
1.9012 0.12133739004173853
1.9425 0.1614092196368559
1.9837 0.2096249650857209
2.025 0.26331786387311235
2.0662 0.3259817939022464
2.1075 0.38628621825416687
2.1487 0.44857224377458754
2.19 0.5177145482245952
2.2312 0.5762879611857965
2.2725 0.639752109888107
2.3137 0.6841803449575253
2.355 0.7214052808193583
2.3962 0.7521267828286559
2.4375 0.7727093107853572
2.4787 0.775241260610473
2.52 0.7723398909339458
2.5612 0.7629099769562916
2.6025 0.737148019640206
2.6437 0.7100402425651864
2.685 0.6832485800330764
2.7262 0.6488988219338436
2.7675 0.6221535022317947
2.8087 0.600405744942071
2.85 0.587617318083158
2.8912 0.589358693575723
2.9325 0.6053514944733235
2.9737 0.6361863897754175
3.015 0.6768328659604785
3.0562 0.7229324245319915
3.0975 0.7616431992544868
3.1387 0.786732022859343
3.18 0.791638334268228
3.2212 0.7710992337474867
3.2625 0.7278093793169524
3.3037 0.6628855531410867
3.345 0.5862466428769528
3.3862 0.49977846670949494
3.4275 0.41192194404819393
3.4688 0.33131073623643953
3.51 0.2586470103242775
3.5512 0.19692917614484676
3.5925 0.14633052660182522
3.6338 0.10543668128021971
3.675 0.07473063655541794
3.7162 0.05216820840858631
3.7575 0.03555049700772397
3.7988 0.02382614036662234
3.84 0.015603910311695803
3.8812 0.01019463421505249
3.9225 0.0064724791978262326
3.9637 0.004108431933274327
4.005 0.0025638667342707277
4.0462 0.0015966922323292327
4.0875 0.0009728347631752792
4.1287 0.0005842907825234586
4.17 0.0003533232694783812
4.2112 0.00020925114982732568
4.2525 0.00012505312645146765
4.2937 7.338580237788418e-05
4.335 4.276066652232946e-05
4.3762 2.4982075223733942e-05
4.4175 1.444416763413802e-05
4.4587 8.36415418342881e-06
4.5 4.745289970754445e-06
