0.55 1.1608322673786433e-05
0.565 3.08779713438287e-05
0.58 7.720568603524341e-05
0.595 0.00018237116203735656
0.61 0.000414045735367903
0.625 0.0008940688543047595
0.64 0.00184816075611345
0.655 0.003634636356223876
0.67 0.006927539664783194
0.685 0.012615197112057294
0.7 0.022223274721107553
0.715 0.037334822669453725
0.73 0.06110060805170571
0.745 0.09661233870527504
0.76 0.1471835181014489
0.775 0.217449092993527
0.79 0.3153316164960105
0.805 0.43911830039162403
0.82 0.5898279623647887
0.835 0.7760613065417628
0.85 0.9955820953075304
0.865 1.2547853523278023
0.88 1.5259455789009744
0.895 1.8274428300480476
0.91 2.1191337288472045
0.925 2.4038574059457667
0.94 2.7030214740967233
0.955 2.9446835037203
0.97 3.137502940524383
0.985 3.3072551042345033
1.0 3.4051519356220776
1.015 3.465539911853856
1.03 3.4215484615269656
1.045 3.3579917602088907
1.06 3.254466083399518
1.075 3.0881697348752537
1.09 2.8913264048692615
1.105 2.6511177329801865
1.12 2.3978000760603657
1.135 2.152798322516184
1.15 1.9100500533844313
1.165 1.6580798503149492
1.18 1.436601238078298
1.195 1.2307220077068735
1.21 1.039402741647053
1.225 0.8649366619270256
1.24 0.7160601968246096
1.255 0.5866188614041066
1.27 0.47377576377232183
1.285 0.3815518179661346
1.3 0.30417215307732176
1.315 0.23862200106838982
1.33 0.18723656668159072
1.345 0.1464384306438062
1.36 0.11189061407712728
1.375 0.0863718818269739
1.39 0.0660029507282918
1.405 0.04985308712290542
1.42 0.03748711777279206
1.435 0.02800119520279311
1.45 0.020938569663133528
1.465 0.01557273414625381
1.48 0.011460447538903431
1.495 0.008396134581483507
1.51 0.0061137194896256734
1.525 0.004503598192927216
1.54 0.0032822998509006588
1.555 0.002375449421039329
1.57 0.0017273042391947528
1.585 0.0012516391485909504
1.6 0.0009030190630175162
1.615 0.0006551159053303569
1.63 0.0004719258212675148
1.645 0.0003410025230801736
1.66 0.0002466660579831754
1.675 0.00017800869867238702
1.69 0.00012877004300863512
1.705 9.354521042969682e-05
1.72 6.785528614500943e-05
1.735 4.915488985569097e-05
1.75 3.552514456885562e-05
