0.5 1.2918381535442738e-07
0.54 7.118616742773702e-07
0.58 3.3685410806641238e-06
0.62 1.3762381865947547e-05
0.66 4.8985843898879975e-05
0.7 0.0001560955766528505
0.74 0.00044747565772264476
0.78 0.0011596495843871574
0.82 0.0027297164359335315
0.86 0.005988096033802918
0.9 0.01207064465007141
0.94 0.02291432079018869
0.98 0.04031168824183991
1.02 0.06788468907872146
1.06 0.10599192362480762
1.1 0.15867502228831235
1.14 0.22970670570675816
1.18 0.3098265758146945
1.22 0.40976801158869297
1.26 0.5220886519288569
1.3 0.6376076353384884
1.34 0.7540956041179065
1.38 0.866615443019976
1.42 0.9670824283607254
1.46 1.0509817270627353
1.5 1.1007410819345964
1.54 1.1341509175998803
1.58 1.162429253730231
1.62 1.1548447607973191
1.66 1.1225658494717832
1.7 1.0747311308131913
1.74 1.0217947961084608
1.78 0.946231471621396
1.82 0.8711477707090002
1.86 0.7925017303694114
1.9 0.7184418740689159
1.94 0.6398824995337623
1.98 0.566846322996664
2.02 0.5015381574664215
2.06 0.4432299267707271
2.1 0.39244353778657787
2.14 0.34749302123126896
2.18 0.31411526702213083
2.22 0.28971777680505356
2.26 0.2764420782699627
2.3 0.2718172898372028
2.34 0.27749140359975394
2.38 0.2898035325849555
2.42 0.30456323412269587
2.46 0.3169784888312786
2.5 0.3243109232433233
2.54 0.32316510117068686
2.58 0.30951169252798655
2.62 0.2867335945953503
2.66 0.2570512371330636
2.7 0.22355438953390086
2.74 0.18530797529336873
2.78 0.15170020106128307
2.82 0.11942396192822088
2.86 0.09163296252926748
2.9 0.06813429968265214
2.94 0.049621188364766644
2.98 0.03573258344313516
3.02 0.025093210837712116
3.06 0.017123685191700683
3.1 0.011654763508666219
3.14 0.007816672791108365
3.18 0.00514540281220074
3.22 0.003354577571090146
3.26 0.0021536732622805493
3.3 0.001373576274248773
3.34 0.0008714555247259058
3.38 0.0005470165258831604
3.42 0.00034047161508777023
3.46 0.00021232098101830872
3.5 0.0001313232395285014
3.54 8.06719895160502e-05
3.58 4.925564325607611e-05
3.62 3.005190982436814e-05
3.66 1.8342623608784195e-05
3.7 1.1180395290176092e-05
