1.9 1.527089573858003e-05
1.9244 2.553354362131804e-05
1.9487 4.2416099064623666e-05
1.9731 6.979754018744603e-05
1.9975 0.00011184361941424003
2.0219 0.0001765941215985783
2.0462 0.00027442603399377755
2.0706 0.00041926693712959187
2.095 0.0006326104936508654
2.1194 0.0009303178679224801
2.1437 0.0013625170824425872
2.1681 0.0019540930544688843
2.1925 0.002789394847093031
2.2169 0.0038958907116300977
2.2412 0.00537309444321628
2.2656 0.007269025189767143
2.29 0.009853156535418135
2.3144 0.012963670230834404
2.3388 0.016931337465752046
2.3631 0.022197267838117353
2.3875 0.02851934788880209
2.4119 0.03597825036790892
2.4362 0.04508597265274305
2.4606 0.05606600103745177
2.485 0.06910838445048283
2.5094 0.08366351328653812
2.5337 0.10102735630721754
2.5581 0.12043202163593125
2.5825 0.1428889381851455
2.6069 0.16742547651029868
2.6313 0.1964425687225134
2.6556 0.22665605333293146
2.68 0.26168309609618756
2.7044 0.29943946783415776
2.7287 0.3460651639964254
2.7531 0.39915315572336707
2.7775 0.46764670532489444
2.8019 0.5506337655504158
2.8262 0.6554579672249486
2.8506 0.7926949261186538
2.875 0.96606175476916
2.8994 1.1696469165957772
2.9238 1.4127061980347388
2.9481 1.6808985731215338
2.9725 1.9553411701536543
2.9969 2.217811741397327
3.0213 2.4394631397632733
3.0456 2.595842311856087
3.07 2.6809390909528497
3.0944 2.6723593469163163
3.1187 2.584088857001157
3.1431 2.405154087393252
3.1675 2.183962898852452
3.1919 1.9073579749305374
3.2163 1.621415023544927
3.2406 1.3407785735712983
3.265 1.070301453552534
3.2894 0.8361876662111629
3.3137 0.6340183911662763
3.3381 0.46905624996942363
3.3625 0.33878701077252804
3.3869 0.23839733558670914
3.4112 0.1645319222525727
3.4356 0.1106824394712557
3.46 0.07338996258161569
3.4844 0.04723103294224941
3.5088 0.0300739563927953
3.5331 0.018654365018374326
3.5575 0.011393143609673884
3.5819 0.006896548662220868
3.6063 0.0040997937869605115
3.6306 0.0023909585833019127
3.655 0.0013732270217439327
3.6794 0.0007783369786421977
3.7037 0.00043304992717392213
3.7281 0.0002394749248617777
3.7525 0.0001310871053095588
3.7769 7.131874476818759e-05
3.8013 3.7925341217949634e-05
3.8256 2.0079983602547266e-05
3.85 1.0517857991896486e-05
