0.4 5.182616369811022e-06
0.4075 1.3058302021618785e-05
0.415 3.11551155705603e-05
0.4225 7.310264921299991e-05
0.43 0.00016213326774701611
0.4375 0.00035120442011390697
0.445 0.0007328380023178055
0.4525 0.0014758080603083075
0.46 0.0028598337884911487
0.4675 0.005390955312897002
0.475 0.00980789120349981
0.4825 0.01734341563163864
0.49 0.02991929802370082
0.4975 0.04968190358316544
0.505 0.08000899618935566
0.5125 0.12628058854209792
0.52 0.19248379889821918
0.5275 0.2879684161997043
0.535 0.4157008207383533
0.5425 0.5861020691293166
0.55 0.8103920665797327
0.5575 1.0964919751001503
0.565 1.4281711458616102
0.5725 1.8354248182793538
0.58 2.3022524116973297
0.5875 2.8377074132342104
0.595 3.4071642377905103
0.6025 3.99979157038402
0.61 4.565855244830022
0.6175 5.153398059853586
0.625 5.705685783056432
0.6325 6.189943214897446
0.64 6.595994805693517
0.6475 6.854814352665946
0.655 7.04983305668813
0.6625 7.022953167712944
0.67 6.988770948993686
0.6775 6.769121217854678
0.685 6.439945311051793
0.6925 6.0653640647726075
0.7 5.609184839922091
0.7075 5.105887371458461
0.715 4.566868048985366
0.7225 4.055090587823105
0.73 3.4938224969828493
0.7375 3.020679835605978
0.745 2.537625511018754
0.7525 2.109778444866643
0.76 1.7420087259309822
0.7675 1.409095225224589
0.775 1.1234325379794055
0.7825 0.8923215017315768
0.79 0.6939665507669034
0.7975 0.5346759467875756
0.805 0.4060786771751653
0.8125 0.30605100566644655
0.82 0.22560874532618871
0.8275 0.16702062223553507
0.835 0.12177525948817561
0.8425 0.08715886382143984
0.85 0.061793012192465066
0.8575 0.04361116036516362
0.865 0.03047365931360087
0.8725 0.021048047568428693
0.88 0.01434781174512063
0.8875 0.009713023784077771
0.895 0.006529212547277397
0.9025 0.0043069367072561
0.91 0.0028393474665797894
0.9175 0.0018429387834775816
0.925 0.0011971544392830062
0.9325 0.000761316813738631
0.94 0.00048400459110141896
0.9475 0.0003058206325810605
0.955 0.00019198748282645654
0.9625 0.00011902803029277781
0.97 7.310047001252462e-05
0.9775 4.4458065556584114e-05
0.985 2.7146576877359088e-05
0.9925 1.6315211498307226e-05
1.0 9.71507709657706e-06
