0.0 2.043395162000891e-09
0.02375 7.74949908878725e-08
0.0475 1.185994762914049e-06
0.07125 1.0972602993961511e-05
0.095 6.901010891600378e-05
0.11875 0.00033034131263401313
0.1425 0.0012695631805795546
0.16625 0.004048665934286389
0.19 0.01102405489862009
0.21375 0.02615369179829525
0.2375 0.05524542895844698
0.26125 0.10722820978088547
0.285 0.18840610483805825
0.30875 0.30600075518189657
0.3325 0.4625591220439721
0.35625 0.6666093326450357
0.38 0.8948186865462789
0.40375 1.1507661267856288
0.4275 1.405649806983247
0.45125 1.6606132963686273
0.475 1.882369170270072
0.49875 2.0628381031969014
0.5225 2.188241833916668
0.54625 2.2788626063511406
0.57 2.3023060544033354
0.59375 2.257959621643883
0.6175 2.1956086180284298
0.64125 2.0797115850254606
0.665 1.9248830428411337
0.68875 1.7562100824235483
0.7125 1.5901332160316555
0.73625 1.419903884673438
0.76 1.2610569477691944
0.78375 1.0952710848207066
0.8075 0.9464874504446976
0.83125 0.8204295464049113
0.855 0.7028625770909729
0.87875 0.598512040077503
0.9025 0.511541003402983
0.92625 0.4370580965987652
0.95 0.37511392811326383
0.97375 0.3199855071976706
0.9975 0.2752426451591709
1.0212 0.23652324817303885
1.045 0.20647819256494182
1.0688 0.18099522815744354
1.0925 0.16026376038286408
1.1162 0.14499696931289682
1.14 0.13192812395362516
1.1638 0.12077051278930151
1.1875 0.11394165917121261
1.2112 0.10912504141343565
1.235 0.10657846629191678
1.2588 0.10750520137949592
1.2825 0.11249139021244282
1.3062 0.12122355466765374
1.33 0.13409404917327356
1.3538 0.1511490566903704
1.3775 0.16912236808343867
1.4013 0.18451217173168966
1.425 0.19636999401870017
1.4487 0.19841426021440317
1.4725 0.19206625516995507
1.4963 0.17667641767410044
1.52 0.1550220829362919
1.5437 0.12882374052583506
1.5675 0.10212214576865182
1.5913 0.07653594816888841
1.615 0.05580384049318941
1.6387 0.039156351028208844
1.6625 0.02624010921004603
1.6863 0.016913789779954193
1.71 0.010739105934481186
1.7338 0.006582221410657983
1.7575 0.003870003998378751
1.7812 0.0022500863060755673
1.805 0.0012608344597027298
1.8288 0.0007042031857096754
1.8525 0.0003789875387713847
1.8762 0.00020692903846169478
1.9 0.00010722316463949274
