0.0 0.801690944224248
0.013125 1.2427639447712302
0.02625 1.7406082865100156
0.039375 2.2354639933924836
0.0525 2.709252681765304
0.065625 3.164819545055333
0.07875 3.600521596381461
0.091875 3.887260533503667
0.105 4.104563876559898
0.11813 4.231330106254208
0.13125 4.262874966507111
0.14438 4.2075145054908
0.1575 4.0688357281550935
0.17063 3.885908632124439
0.18375 3.6617741055510438
0.19688 3.426403648079298
0.21 3.153458517954718
0.22313 2.8611661591297453
0.23625 2.5698946870675625
0.24938 2.304465908359141
0.2625 2.0270731033581724
0.27563 1.7904270468735035
0.28875 1.5566728281760895
0.30188 1.3482741561359328
0.315 1.1644342946933364
0.32813 0.9941703050343117
0.34125 0.8483639537395222
0.35438 0.7212790527055079
0.3675 0.6137666133055885
0.38063 0.5144859837283242
0.39375 0.42872757310574117
0.40688 0.3597149555239338
0.42 0.30126231954591365
0.43313 0.24965623630955264
0.44625 0.20650693998031636
0.45938 0.17023435155962524
0.4725 0.1410302781172569
0.48563 0.11596133147929226
0.49875 0.09486946038122492
0.51188 0.07773309552132777
0.525 0.0641196760393073
0.53813 0.05209813321549693
0.55125 0.042492265063584785
0.56438 0.0348234048363012
0.5775 0.028274254829820492
0.59063 0.023004031961899894
0.60375 0.018751952198255133
0.61688 0.015203510382530289
0.63 0.012485200490314147
0.64313 0.010018566175967634
0.65625 0.00815108578139614
0.66938 0.006589816011782358
0.6825 0.005341771786269289
0.69563 0.004344074193878096
0.70875 0.003527421750547657
0.72188 0.0028588652928866402
0.735 0.00232684687934829
0.74813 0.0018825580390239866
0.76125 0.0015276582739550983
0.77438 0.0012429362813177495
0.7875 0.0010091134543476418
0.80063 0.0008223189681337348
0.81375 0.0006655879483260847
0.82688 0.0005440083432980991
0.84 0.0004439197467455702
0.85313 0.00036300336214283057
0.86625 0.000294668529000084
0.87938 0.00024184662971207547
0.8925 0.00019823852763191057
0.90563 0.0001620478354844978
0.91875 0.00013374939307553058
0.93188 0.00010916686105775332
0.945 8.972798250758609e-05
0.95813 7.41763402396892e-05
0.97125 6.140517748546522e-05
0.98438 5.059305599509562e-05
0.9975 4.2083167853615186e-05
1.0106 3.496364908487261e-05
1.0238 2.9008330149743723e-05
1.0369 2.4238905373981167e-05
1.05 2.023794409652038e-05
